800 250 1000
2 31
4 98
9 44
1 18
7 92
9 36
6 71
6 13
5 45
1 76
7 25
8 81
7 46
5 64
5 90
7 73
5 73
3 78
9 77
7 19
3 43
9 59
4 95
8 80
2 81
9 6
9 6
6 5
1 2
8 81
1 14
8 87
4 87
1 99
3 97
1 90
7 60
2 46
6 100
6 8
2 84
4 90
4 49
6 63
5 52
2 43
9 42
4 49
9 26
9 25
2 85
8 15
3 38
5 4
4 97
4 69
5 71
4 34
7 85
8 67
8 71
8 39
7 51
1 97
3 49
2 20
1 100
7 87
5 58
6 97
8 20
8 58
7 54
6 30
3 30
6 73
3 33
1 94
6 60
8 14
1 54
5 94
3 78
8 76
7 25
2 13
4 30
5 12
7 59
6 66
9 2
2 74
7 26
5 100
7 58
9 40
9 15
8 74
7 30
7 71
2 85
2 96
1 36
2 86
7 30
4 56
8 47
4 54
6 26
2 55
3 62
3 50
3 9
3 5
4 43
5 10
2 69
8 20
6 29
5 55
5 48
5 87
1 29
3 3
8 71
3 30
4 83
2 32
5 46
1 59
5 94
1 78
1 71
7 60
8 26
6 11
1 26
3 68
5 85
8 92
1 45
2 96
7 27
9 80
7 94
6 23
5 82
9 38
5 24
7 37
6 54
3 88
8 39
9 96
2 49
6 74
6 29
9 2
9 33
9 62
4 4
4 19
8 80
6 17
7 55
6 28
6 7
9 45
7 99
8 31
5 94
2 78
1 43
2 29
4 16
5 78
3 92
1 77
1 61
8 5
4 100
4 73
3 70
9 77
2 19
3 72
4 6
5 28
1 69
7 72
2 94
2 38
6 49
8 28
2 69
7 8
6 89
1 85
9 10
7 34
5 30
4 39
7 97
4 3
7 79
2 85
3 35
8 33
8 8
4 57
5 4
6 17
7 20
6 84
6 49
6 19
3 51
5 20
1 81
4 3
8 81
1 74
2 4
2 5
1 57
1 53
5 32
1 15
8 66
2 96
4 93
5 62
8 35
6 82
3 35
1 95
7 14
3 12
2 3
8 21
1 86
3 74
1 77
9 97
5 8
2 50
9 79
3 48
7 41
3 2
5 89
3 58
5 46
5 31
6 23
7 97
5 92
3 44
3 25
6 36
7 57
1 83
2 43
7 37
4 66
6 94
4 51
4 19
2 48
9 60
5 63
4 42
6 61
7 8
1 58
8 91
4 22
5 14
3 87
2 28
8 24
8 17
8 64
3 11
8 54
4 12
9 38
9 78
6 66
7 73
3 11
3 85
1 76
1 30
1 58
2 39
1 20
4 77
7 64
3 66
9 40
1 27
2 61
1 11
3 80
8 28
4 7
2 10
6 14
9 25
8 85
3 81
1 68
4 28
5 18
8 36
9 16
5 92
7 72
2 53
1 77
6 24
4 95
8 99
4 55
3 59
4 75
2 56
4 26
1 98
8 41
1 67
7 75
1 34
2 62
3 83
8 8
9 17
2 18
7 72
8 53
4 22
7 21
2 49
8 91
4 33
8 53
6 36
2 12
9 81
8 49
6 25
2 74
8 16
7 41
7 38
4 27
9 2
4 3
6 1
8 9
4 57
5 78
3 37
1 46
1 39
2 12
9 85
3 9
8 75
6 34
4 31
1 36
3 54
8 8
4 32
5 97
1 69
1 93
4 86
2 46
9 71
7 64
4 70
7 47
6 21
1 52
3 14
1 59
7 51
2 61
8 83
8 10
2 75
2 62
8 50
1 20
4 84
4 69
3 49
8 65
1 60
2 34
9 54
1 49
3 45
1 69
3 72
3 80
8 50
7 99
9 70
5 97
7 14
1 34
6 23
7 15
6 85
7 63
9 83
4 56
9 57
4 17
1 56
7 96
6 73
2 52
8 59
1 7
4 53
4 26
1 42
1 40
9 72
6 48
3 60
6 89
4 89
4 35
2 83
9 48
6 60
9 78
9 15
7 92
2 26
5 66
6 88
4 63
5 72
4 95
8 56
2 69
8 4
2 86
2 66
3 92
6 6
7 53
4 84
3 77
2 72
6 23
1 17
2 9
4 94
2 92
3 29
4 68
2 21
3 50
8 22
8 49
4 94
6 71
8 65
9 91
1 97
4 41
6 52
1 51
8 42
3 14
4 92
1 73
9 34
3 78
6 75
5 10
6 24
5 91
2 57
5 53
2 6
9 86
4 69
7 24
2 2
7 87
5 26
8 96
3 39
2 69
6 79
8 71
4 10
7 19
9 42
8 14
6 14
5 94
9 41
3 66
8 45
5 75
9 38
5 35
9 9
2 74
3 78
5 18
6 91
6 45
6 54
6 61
2 36
2 77
9 13
2 91
6 48
9 55
9 56
4 18
6 5
3 88
6 21
3 29
1 62
7 2
6 98
3 25
1 80
2 15
7 72
8 98
6 41
3 6
3 99
5 41
5 9
4 45
5 6
9 27
2 18
6 78
4 72
3 97
1 52
1 6
2 15
3 56
4 93
8 25
7 66
1 90
7 96
7 93
7 43
4 99
3 49
1 57
8 83
9 76
9 47
1 11
7 25
2 44
7 98
1 34
3 30
9 14
9 33
3 42
6 73
6 48
8 29
6 82
3 28
2 26
4 49
6 38
1 50
7 25
6 59
4 48
5 64
2 32
1 46
8 73
3 54
3 24
3 12
3 79
2 65
3 70
5 46
8 96
9 49
6 88
7 6
1 41
1 14
6 32
5 47
6 30
1 48
6 17
7 44
2 2
3 84
9 98
5 55
5 79
6 19
5 29
3 56
8 4
2 62
4 28
8 3
1 66
3 76
9 27
9 63
4 37
5 65
1 99
1 39
7 6
2 64
6 32
7 95
8 14
2 99
6 90
4 32
2 18
6 46
8 74
4 12
3 72
1 17
4 20
2 52
2 92
2 26
2 17
8 14
3 87
8 38
7 81
1 26
1 15
3 44
6 55
2 18
4 80
1 42
2 68
5 43
4 52
1 26
4 57
9 69
1 48
2 48
6 71
4 79
3 55
4 31
1 88
8 32
4 70
4 37
4 63
8 27
3 69
4 22
6 12
5 100
9 51
5 83
1 20
7 81
3 2
4 39
3 88
3 10
3 33
6 70
8 76
8 3
1 29
2 30
3 32
2 86
8 8
9 96
3 48
5 37
3 91
4 39
9 71
4 91
3 73
4 98
5 11
9 57
9 78
8 17
9 99
6 78
8 90
3 68
1 100
4 72
2 5
8 45
3 6
2 77
1 58
5 94
5 68
6 43
3 29
1 59
7 67
7 89
9 37
1 40
4 48
8 67
5 8
2 16
4 89
4 95
5 89
8 3
2 7
2 40
4 10
2 63
7 91
1 11
6 31
1 44
1 22
5 92
3 68
2 43
5 98
7 50
3 49
8 3
6 12
2 65
5 9
8 72
4 17
7 55
9 63
6 10
9 99
6 39
6 29
4 60
5 31
5 42
7 16
6 50
5 21
8 73
6 39
7 37
7 37
2 45
2 56
8 7
5 9
9 21
7 84
5 51
7 90
5 85
8 54
6 73
4 64
5 51
2 92
1 65
0.128887
0.196915
0.557947
0.413355
0.264616
0.393726
0.352628
0.626118
0.161351
0.830030
0.312202
0.185474
0.264759
0.797079
0.502763
0.930879
0.278463
0.124363
0.174977
0.834400
0.757473
0.854569
0.736020
0.282843
0.735663
0.286709
0.716966
0.047136
0.211643
0.092029
0.725834
0.094539
0.917329
0.549689
0.628568
0.350531
0.372190
0.405434
0.122570
0.041052
0.967948
0.296189
0.041073
0.312441
0.195009
0.520540
0.715298
0.010498
0.447045
0.478170
0.598741
0.036940
0.855370
0.209686
0.187390
0.457010
0.970275
0.408179
0.270420
0.952714
0.259242
0.077120
0.147483
0.739380
0.751599
0.132371
0.762568
0.479619
0.956374
0.781164
0.030582
0.000065
0.087560
0.622578
0.671178
0.480982
0.868078
0.787491
0.366914
0.719921
0.707851
0.859513
0.832190
0.618479
0.775461
0.175051
0.082267
0.668566
0.589561
0.747654
0.822245
0.464168
0.268497
0.622882
0.783268
0.385744
0.197272
0.549862
0.533185
0.232920
0.686627
0.146195
0.092926
0.801793
0.730453
0.716289
0.674764
0.756297
0.088032
0.557538
0.546131
0.827023
0.770582
0.170323
0.611952
0.080185
0.672666
0.502980
0.592062
0.787294
0.049692
0.165341
0.880828
0.083797
0.373078
0.329435
0.820789
0.007077
0.942061
0.215236
0.467013
0.079520
0.498364
0.005977
0.447560
0.136537
0.774528
0.494122
0.706868
0.333805
0.267939
0.245241
0.758599
0.777031
0.564050
0.985555
0.227575
0.856281
0.515364
0.720461
0.783388
0.394022
0.319861
0.897959
0.991637
0.437109
0.489676
0.982894
0.494733
0.976716
0.666323
0.883382
0.993502
0.787971
0.429882
0.026937
0.734542
0.443574
0.155956
0.159969
0.597468
0.651175
0.297749
0.265444
0.318355
0.596066
0.081735
0.724169
0.102230
0.182762
0.684375
0.295822
0.886565
0.495063
0.526136
0.771148
0.682374
0.666595
0.454701
0.163254
0.811823
0.302737
0.108172
0.043603
0.827548
0.606161
0.756247
0.240444
0.146620
0.245343
0.476386
0.611537
0.109402
0.727061
0.710213
0.551211
0.197043
0.700572
0.513615
0.333673
0.040343
0.039215
0.082559
0.565932
0.623567
0.289228
0.059596
0.628513
0.417260
0.885568
0.737578
0.470289
0.146293
0.741856
0.366839
0.460181
0.253934
0.871247
0.048306
0.871178
0.885871
0.826581
0.338576
0.439786
0.486337
0.869759
0.043580
0.451092
0.507014
0.384644
0.710449
0.509733
0.089521
0.583301
0.539791
0.272985
0.064073
0.876784
0.104298
0.932930
